Map from character to field name
A:	Africa
B:	Asia
C:	Europe
D:	North America
E:	Oceania
F:	South America
G:	Southeast Asia
H:	?


Substitution rate (mu): 43.916566

Equilibrium frequencies (pi_i):
  A: 0.1558
  B: 0.2148
  C: 0.1351
  D: 0.1924
  E: 0.1064
  F: 0.041
  G: 0.1546

Symmetrized rates from j->i (W_ij):
	A	B	C	D	E	F	G
  A	0	1.4754	0.7557	0.7104	0.753	1.4564	0.7556
  B	1.4754	0	1.1098	1.014	2.2287	1.8167	1.8602
  C	0.7557	1.1098	0	0.7172	0.7541	0.7306	0.7567
  D	0.7104	1.014	0.7172	0	0.7219	8.058	0.7118
  E	0.753	2.2287	0.7541	0.7219	0	1.1041	0.7538
  F	1.4564	1.8167	0.7306	8.058	1.1041	0	0.727
  G	0.7556	1.8602	0.7567	0.7118	0.7538	0.727	0

Actual rates from j->i (Q_ij):
	A	B	C	D	E	F	G
  A	0	0.2298	0.1177	0.1106	0.1173	0.2268	0.1177
  B	0.3169	0	0.2384	0.2178	0.4787	0.3902	0.3995
  C	0.1021	0.1499	0	0.0969	0.1018	0.0987	0.1022
  D	0.1367	0.1951	0.138	0	0.1389	1.5503	0.1369
  E	0.0802	0.2372	0.0803	0.0768	0	0.1175	0.0802
  F	0.0597	0.0745	0.03	0.3305	0.0453	0	0.0298
  G	0.1168	0.2875	0.117	0.11	0.1165	0.1124	0
