{
  "generated_by": {
    "program": "augur",
    "version": "26.0.0"
  },
  "models": {
    "country": {
      "alphabet": [
        "American Samoa",
        "Angola",
        "Argentina",
        "Australia",
        "Bangladesh",
        "Brazil",
        "Cambodia",
        "Cape Verde",
        "China",
        "Colombia",
        "Cuba",
        "Dominican Republic",
        "Ecuador",
        "El Salvador",
        "Fiji",
        "France",
        "French Guiana",
        "French Polynesia",
        "Guatemala",
        "Haiti",
        "Honduras",
        "India",
        "Jamaica",
        "Japan",
        "Kenya",
        "Martinique",
        "Mexico",
        "Nicaragua",
        "Panama",
        "Peru",
        "Saint Barthelemy",
        "Seychelles",
        "Singapore",
        "Suriname",
        "Thailand",
        "Trinidad and Tobago",
        "USA",
        "USVI",
        "Venezuela",
        "Vietnam",
        "?"
      ],
      "equilibrium_probabilities": [
        0.026127302587210778,
        0.0247136847301335,
        0.025169612034211124,
        0.026298748019611514,
        0.025407806523480684,
        0.022207262905285595,
        0.025355977768472177,
        0.024711214435737327,
        0.027797236314447363,
        0.023008879911234372,
        0.025117351919728956,
        0.02097425464839153,
        0.025744189219138448,
        0.025597521890146337,
        0.02629869428909309,
        0.025367747390169493,
        0.02625305248618791,
        0.024041158723153537,
        0.025597659742632915,
        0.025401582696635738,
        0.02019100573316482,
        0.025636920655739272,
        0.02613426885054385,
        0.025953613469647724,
        0.026251000932916164,
        0.024279471238493718,
        0.02398923225993742,
        0.021968818275484525,
        0.025796037138307325,
        0.025725902215751998,
        0.02468176331639854,
        0.02606095597443058,
        0.025082948199975495,
        0.02344840249561822,
        0.02757583824835483,
        0.025222247169251102,
        0.025741381814335818,
        0.02591947901514724,
        0.023712457088579778,
        0.025437317672819208
      ],
      "rate": 174.65985854681992,
      "transition_matrix": [
        [
          0.0,
          0.9612116322897789,
          0.9613600644225482,
          1.1654730061617344,
          0.961201106679807,
          0.9572606786292758,
          0.9612461029620544,
          0.9612161620483493,
          2.409392213529429,
          0.959633091256358,
          0.9601000754824373,
          0.960505425382311,
          0.9612164982167766,
          0.9612664707101534,
          1.1436297246351417,
          0.9612484357556635,
          0.9612714137250717,
          1.3636209109111401,
          0.9612218645151756,
          0.9611276969894637,
          0.9605195540284669,
          0.9612107188311867,
          0.9612847882434356,
          0.9612666813062546,
          0.9611882541073262,
          0.961213261909295,
          0.9598490860942167,
          0.9594976458320875,
          0.9611422087556151,
          0.961241608193425,
          0.9612626179970897,
          0.9614189729066128,
          0.960274919564925,
          0.9611715398648893,
          0.9590847167208887,
          0.9613590508533956,
          0.9586232278549439,
          0.9611893724925277,
          0.9614322006654512,
          0.9611514829474511
        ],
        [
          0.9612116322897789,
          0.0,
          0.9613349004702227,
          0.9613618465198476,
          0.9611361507783323,
          1.4386174981817057,
          0.9611787449820288,
          0.9611536701140357,
          0.9610696922799888,
          0.9596660136765874,
          0.9600794571174516,
          0.9605352359646268,
          0.9611498222998163,
          0.9611974184461229,
          0.9613541275544208,
          0.9611809784870226,
          0.9612017895275375,
          0.9610310822340642,
          0.9611550309194616,
          0.9610682853706145,
          0.9605042201597023,
          0.9611451306316094,
          0.9612140133791058,
          0.9611966888995254,
          0.9611218000717165,
          0.9611506715155884,
          0.9598845734967142,
          0.95955507558995,
          0.9610794454050203,
          0.961173608201243,
          0.9611976945772414,
          0.9613410177699157,
          0.9602624174311581,
          0.961120011871681,
          0.9590416696285254,
          0.9613333289802767,
          0.9587248250607162,
          0.961125364550491,
          0.9613428150591661,
          0.9610881838104882
        ],
        [
          0.9613600644225482,
          0.9613349004702227,
          0.0,
          0.9615139944559078,
          0.961279312676662,
          1.3048179097243757,
          0.9613224948276479,
          0.9613391964127429,
          0.9612306351802088,
          0.9598494739792771,
          0.9602467938664465,
          0.9606801003938398,
          0.9612951741111673,
          0.9613428618435269,
          0.9615061579833905,
          0.961324775553071,
          0.9613506063776588,
          0.961209054438275,
          0.9612999025045901,
          0.9612573942235545,
          0.9606074802941557,
          0.961289667829314,
          0.9613623841597763,
          0.9613441260290222,
          0.9612694639923827,
          0.9612877645272601,
          0.9600130822620595,
          0.959701121437103,
          0.9612237676831693,
          0.961319307461488,
          0.9613838212874098,
          0.9614914807461828,
          0.960433846842133,
          0.9613376371653853,
          0.9591573813188159,
          1.3229544618682136,
          0.9589961873571181,
          0.961270860741644,
          0.9615603244480954,
          0.9612306250831616
        ],
        [
          1.1654730061617344,
          0.9613618465198476,
          0.9615139944559078,
          0.0,
          0.9613554245907773,
          0.9572835708255988,
          0.9614004623111082,
          0.961366390935319,
          0.9614863132739011,
          0.9597622038921445,
          0.9601679024175803,
          0.960628854846818,
          0.9613729639101903,
          0.9614224075836894,
          1.3627707832017901,
          0.9614028522183418,
          0.9614313647247463,
          1.1707189629810657,
          0.9613776211729941,
          0.9612814716363411,
          0.9606384211553217,
          0.9613658474895521,
          0.961443799399827,
          0.9614247721534015,
          0.9613475889103489,
          0.9613608154901081,
          0.9599862157729259,
          0.9596199999210759,
          0.9612984849240027,
          0.9613981357318075,
          0.9614129829255961,
          0.9615781307329162,
          0.9604209793703038,
          0.9613137452870232,
          0.9592156544969903,
          0.9615132653095262,
          0.9587627166079896,
          0.9613467835885048,
          0.9614968250411545,
          0.9613051781319345
        ],
        [
          0.961201106679807,
          0.9611361507783323,
          0.961279312676662,
          0.9613554245907773,
          0.0,
          0.9571645857632587,
          0.9656733808638268,
          0.961140563426548,
          0.961041582789583,
          0.9596069220917071,
          0.9599817346346021,
          0.9604595376157951,
          0.96113780880506,
          0.9611867925676649,
          0.9613474972708087,
          0.9611746234802848,
          0.9611895885545955,
          0.9610207577087361,
          0.961143209607292,
          0.9610525629245475,
          0.960475903669422,
          0.9612538172508434,
          0.9612036008329495,
          0.9611859204280955,
          0.9611092972298472,
          0.9611391748026474,
          0.9598130356571343,
          0.9594777530465766,
          0.9610654371370326,
          0.9611622687657392,
          0.9611858113541314,
          0.9614223442123809,
          0.9602292587081749,
          0.9611011201582887,
          1.4387789659249417,
          0.9612782177886174,
          0.958615811479229,
          0.9611107873586511,
          0.9612728127707919,
          0.9610821381396362
        ],
        [
          0.9572606786292758,
          1.4386174981817057,
          1.3048179097243757,
          0.9572835708255988,
          0.9571645857632587,
          0.0,
          0.9572106988625502,
          1.4383479900385265,
          1.0440844248326167,
          1.9197795284623445,
          1.6124981865631898,
          1.5721702127283923,
          0.9571281014897389,
          0.957219172252513,
          0.9572735187288005,
          0.9572108373128327,
          0.9613327778178699,
          1.4387293338012592,
          0.957297807068991,
          1.437569261225284,
          0.959053124671387,
          0.9571377000915656,
          0.9574223294820292,
          0.957197903362499,
          0.9570200984440717,
          0.957449641348182,
          1.1411053929384107,
          1.6061998236488593,
          0.9570625095172313,
          0.9571521579741785,
          1.4372631665748787,
          0.9572460195362005,
          1.4355113121035081,
          1.916613799592923,
          0.9549962732212189,
          1.2876623382638506,
          2.9700356381274933,
          0.9649666274739785,
          2.2018957355728874,
          0.9571182718953452
        ],
        [
          0.9612461029620544,
          0.9611787449820288,
          0.9613224948276479,
          0.9614004623111082,
          0.9656733808638268,
          0.9572106988625502,
          0.0,
          0.9611831446384625,
          0.961090602742215,
          0.9596495916594326,
          0.9600273872539952,
          0.9604972272456574,
          0.9611821631142562,
          0.9612308005029018,
          0.9613925432740044,
          0.9612191369111536,
          0.9612347183042446,
          0.9610633138730261,
          0.9611873083172803,
          0.961096526608219,
          0.960512128334923,
          0.9612988892752217,
          0.9612485166499433,
          0.9612305396106645,
          0.9611545760288609,
          0.9611810245435892,
          0.9598570979094684,
          0.9595189725189051,
          0.9611100216610109,
          0.9612065441739088,
          0.9612282533887975,
          0.9614671803223792,
          0.9602751123718568,
          0.9611416278834096,
          1.4528838583376305,
          0.9613214903994253,
          0.9586652343800534,
          0.9611555008918041,
          0.9613135868768216,
          0.9611269584370333
        ],
        [
          0.9612161620483493,
          0.9611536701140357,
          0.9613391964127429,
          0.961366390935319,
          0.961140563426548,
          1.4383479900385265,
          0.9611831446384625,
          0.0,
          0.9610745037444312,
          0.9596665162004621,
          0.9600837965396587,
          0.96053883684352,
          0.9611542908062759,
          0.9612018583678786,
          0.9613586727475035,
          0.961185380138871,
          0.9612063425124231,
          0.9610351902169723,
          0.9611594743737449,
          0.9610726132626725,
          0.9605077844968011,
          0.9611495783234426,
          0.9612185448069707,
          0.9612011906071773,
          0.9611263601270903,
          0.9611548860904083,
          0.9598888113835066,
          0.9595589315497922,
          0.9610839292707752,
          0.9611780713771979,
          0.9612018947673217,
          0.9613455223599394,
          0.9602667713299367,
          0.9611239334844986,
          0.9590466481596572,
          0.9613376363480532,
          0.9587291229349018,
          0.9611298664990199,
          0.961346719249969,
          0.9610926058951078
        ],
        [
          2.409392213529429,
          0.9610696922799888,
          0.9612306351802088,
          0.9614863132739011,
          0.961041582789583,
          1.0440844248326167,
          0.961090602742215,
          0.9610745037444312,
          0.0,
          0.95948544967849,
          1.037880787678299,
          0.9606117894496917,
          0.9610486812346417,
          0.9611027277086696,
          0.9614661468422673,
          0.9610891639360805,
          0.9611047497947007,
          0.9612088273193383,
          0.9610551706730551,
          0.9609982534400248,
          0.9603562175872096,
          0.9611681734599147,
          0.9611188607481176,
          0.9611007324203327,
          0.9610158727812445,
          0.9610545686641766,
          0.9596205031554914,
          0.9592939979831238,
          0.9609693519977186,
          0.9610754955234857,
          0.9611241141799955,
          0.96135366869883,
          0.960075550202256,
          0.9610853060913837,
          1.4457572162001608,
          0.9612286365649352,
          0.9584438803643086,
          0.9610195083076115,
          2.1115314410451105,
          0.9609967875517079
        ],
        [
          0.959633091256358,
          0.9596660136765874,
          0.9598494739792771,
          0.9597622038921445,
          0.9596069220917071,
          1.9197795284623445,
          0.9596495916594326,
          0.9596665162004621,
          0.95948544967849,
          0.0,
          1.4393728568644066,
          1.4408811670913835,
          1.441923760562205,
          0.9596523483099305,
          0.959755059680231,
          0.9596509587566826,
          0.9596207443638308,
          0.9595935737260554,
          0.9596154144967666,
          2.422713464226109,
          0.9593823574151852,
          0.9596010740760879,
          0.9596771359382186,
          0.9596332015263278,
          0.9595426565814887,
          1.4364695193486021,
          0.9645270478564405,
          0.9584672432303292,
          1.4427885893474761,
          1.4419519647143355,
          0.9597101053402255,
          0.9597573453712138,
          0.9588164853938037,
          0.9597237275488566,
          0.9575314536538709,
          0.9598443509577019,
          1.446086017149105,
          0.9595738045395859,
          1.4412529993964278,
          0.959560624779066
        ],
        [
          0.9601000754824373,
          0.9600794571174516,
          0.9602467938664465,
          0.9601679024175803,
          0.9599817346346021,
          1.6124981865631898,
          0.9600273872539952,
          0.9600837965396587,
          1.037880787678299,
          1.4393728568644066,
          0.0,
          3.4756312835796863,
          0.9599815638762131,
          0.9600499350118346,
          0.9601602029650672,
          0.9600290868166368,
          0.9672793412289711,
          0.9599882859326007,
          0.9600353854246931,
          1.1417674593381888,
          1.226478618485159,
          0.9599777661539838,
          0.9603514676018384,
          0.960079879609634,
          0.9599289109455692,
          0.9600688646938601,
          0.9608292396940602,
          1.2263233341218367,
          0.9599097105849945,
          0.9600065178510183,
          0.9605966343579782,
          0.9601576275142022,
          0.9591633616431645,
          1.443601757516908,
          0.9577852021603445,
          0.9602412621047935,
          1.6299381728491,
          0.9628064427465011,
          1.218096367847684,
          0.9599317725469226
        ],
        [
          0.960505425382311,
          0.9605352359646268,
          0.9606801003938398,
          0.960628854846818,
          0.9604595376157951,
          1.5721702127283923,
          0.9604972272456574,
          0.96053883684352,
          0.9606117894496917,
          1.4408811670913835,
          3.4756312835796863,
          0.0,
          0.9604629188841499,
          0.9605063272294196,
          0.9606222167917847,
          0.9604986051384933,
          0.9605015935476499,
          0.960452052598101,
          0.9604709221145433,
          1.8494012725380882,
          0.960297900713935,
          0.9604650916012595,
          2.2860951836961827,
          1.4427076590373582,
          0.9604241935536889,
          0.9605508596847021,
          0.9597652585240138,
          0.9597046055831617,
          0.960405607675756,
          0.9604835863482559,
          0.9610466028602973,
          0.9606181014198819,
          0.9597732939368389,
          0.9606777467377304,
          0.9586239929275754,
          0.9606759716839389,
          3.2672045450840246,
          0.9604836250414504,
          1.286015711826616,
          0.9604180936697635
        ],
        [
          0.9612164982167766,
          0.9611498222998163,
          0.9612951741111673,
          0.9613729639101903,
          0.96113780880506,
          0.9571281014897389,
          0.9611821631142562,
          0.9611542908062759,
          0.9610486812346417,
          1.441923760562205,
          0.9599815638762131,
          0.9604629188841499,
          0.0,
          0.9612016845436647,
          0.9613649321597435,
          0.961184499292415,
          0.9612049263885049,
          0.9610254916376272,
          0.9611575169281585,
          0.9610698947599375,
          0.9604779718121432,
          0.9611469517401443,
          0.9612190704408559,
          0.9612010236072264,
          0.9611230898751335,
          0.9611566100770548,
          0.959809906487231,
          0.9594677781018278,
          0.9610810544481162,
          0.9611784640874546,
          0.9612001209008315,
          0.9613511944028648,
          0.9602263622509885,
          0.9611135456835017,
          0.9589567216302478,
          0.961294098955901,
          0.9585995252414569,
          0.9611248708147624,
          0.9612893089420871,
          0.9610878489812382
        ],
        [
          0.9612664707101534,
          0.9611974184461229,
          0.9613428618435269,
          0.9614224075836894,
          0.9611867925676649,
          0.957219172252513,
          0.9612308005029018,
          0.9612018583678786,
          0.9611027277086696,
          0.9596523483099305,
          0.9600499350118346,
          0.9605063272294196,
          0.9612016845436647,
          0.0,
          0.9614144167114673,
          0.9612331436396009,
          0.9612551405905507,
          0.9610725339642775,
          0.9627634971500588,
          0.9611149445218632,
          0.9605771869273434,
          0.9611964357862478,
          0.961268998337025,
          0.9612506881462851,
          0.9611737575536703,
          0.9611993852763804,
          0.9599205849720068,
          1.440979825531677,
          0.9611288944788812,
          0.9612262840608867,
          0.9612473755536668,
          0.9614003113861779,
          0.9602798253254556,
          0.9611589491933685,
          0.9590220323050255,
          0.9613418925440386,
          0.9587101506094801,
          0.9611749010263881,
          0.9613325979465482,
          0.9611371682430087
        ],
        [
          1.1436297246351417,
          0.9613541275544208,
          0.9615061579833905,
          1.3627707832017901,
          0.9613474972708087,
          0.9572735187288005,
          0.9613925432740044,
          0.9613586727475035,
          0.9614661468422673,
          0.959755059680231,
          0.9601602029650672,
          0.9606222167917847,
          0.9613649321597435,
          0.9614144167114673,
          0.0,
          0.9613949334354581,
          0.9614231715919951,
          1.1488478867161123,
          0.9613696148509308,
          0.9612735536033633,
          0.9606320209857351,
          0.9613579214255884,
          0.9614356926469609,
          0.9614166723403381,
          0.9613394033215249,
          0.9613532384911176,
          0.9599787036808486,
          0.9596131312659754,
          0.9612904391478458,
          0.9613901086589944,
          0.9614052725956649,
          0.9615700664694865,
          0.9604131767087493,
          0.9613064259877178,
          0.9592030807532891,
          0.961505416361067,
          0.9587546937357555,
          0.9613386900119646,
          0.9614892998846825,
          0.9612971994171898
        ],
        [
          0.9612484357556635,
          0.9611809784870226,
          0.961324775553071,
          0.9614028522183418,
          0.9611746234802848,
          0.9572108373128327,
          0.9612191369111536,
          0.961185380138871,
          0.9610891639360805,
          0.9596509587566826,
          0.9600290868166368,
          0.9604986051384933,
          0.961184499292415,
          0.9612331436396009,
          0.9613949334354581,
          0.0,
          0.9612371216334248,
          0.9610618108056815,
          0.9611896186409906,
          0.961098767881854,
          0.9605135135790054,
          0.9612975332332198,
          0.9612509243293437,
          0.9612329171529503,
          0.9611569449590179,
          0.9611832172268466,
          0.9598585182234468,
          0.9595201048614224,
          0.961112329023979,
          0.9612088897014637,
          0.9612305073701211,
          0.9614685842938722,
          0.960273164024838,
          0.9611437189251152,
          1.4394918095157578,
          0.9613237790281584,
          0.9586662307055609,
          0.9611578319378633,
          0.9613155937486719,
          0.9611254586948974
        ],
        [
          0.9612714137250717,
          0.9612017895275375,
          0.9613506063776588,
          0.9614313647247463,
          0.9611895885545955,
          0.9613327778178699,
          0.9612347183042446,
          0.9612063425124231,
          0.9611047497947007,
          0.9596207443638308,
          0.9672793412289711,
          0.9605015935476499,
          0.9612049263885049,
          0.9612551405905507,
          0.9614231715919951,
          0.9612371216334248,
          0.0,
          0.9610735586337594,
          0.9612101071713958,
          0.9611188302926754,
          0.9605067526634504,
          0.9611994696306392,
          0.9612740074653158,
          0.9612552263832607,
          0.9611763733912012,
          0.9612022944358541,
          0.9598319001451803,
          0.959482769755625,
          0.9611302805376432,
          0.9612301529954868,
          0.9612530222457929,
          0.9614086491231973,
          0.9602607891369782,
          1.4449243722114455,
          0.9589698669663659,
          0.9613495839325804,
          0.9586164403873276,
          0.9619619131438596,
          0.9613433506362752,
          0.9611386990888379
        ],
        [
          1.3636209109111401,
          0.9610310822340642,
          0.961209054438275,
          1.1707189629810657,
          0.9610207577087361,
          1.4387293338012592,
          0.9610633138730261,
          0.9610351902169723,
          0.9612088273193383,
          0.9595935737260554,
          0.9599882859326007,
          0.960452052598101,
          0.9610254916376272,
          0.9610725339642775,
          1.1488478867161123,
          0.9610618108056815,
          0.9610735586337594,
          0.0,
          0.9610312906940848,
          0.9609487143546772,
          0.960424810197975,
          0.9611356932667854,
          0.9610860315305159,
          0.9610700638961567,
          0.9609961660767454,
          0.961033561800571,
          0.9598032307221748,
          0.9594933275572871,
          0.9609567513549389,
          0.9610487282109914,
          0.9610781702098755,
          0.9612933234878984,
          0.9601702133638649,
          0.9610096948610988,
          1.4445351621450642,
          0.961207225983636,
          0.9586717268300948,
          0.9610008497453085,
          0.9612266336128448,
          0.9640853542535494
        ],
        [
          0.9612218645151756,
          0.9611550309194616,
          0.9612999025045901,
          0.9613776211729941,
          0.961143209607292,
          0.957297807068991,
          0.9611873083172803,
          0.9611594743737449,
          0.9610551706730551,
          0.9596154144967666,
          0.9600353854246931,
          0.9604709221145433,
          0.9611575169281585,
          0.9627634971500588,
          0.9613696148509308,
          0.9611896186409906,
          0.9612101071713958,
          0.9610312906940848,
          0.0,
          0.9610714528511042,
          0.9606716792444262,
          0.9611529662179756,
          0.961224247316552,
          0.9612061560607458,
          0.9611287255459389,
          0.9611616068207297,
          1.4416763700992232,
          2.4136192737962237,
          0.9610846462097781,
          0.9611821458601967,
          0.9612050377451908,
          0.9613559588445975,
          0.9602368767648853,
          0.9611187779591386,
          0.958974980974331,
          0.96129883932837,
          0.9588627106178412,
          0.9611304604039311,
          0.9612923152140239,
          0.9610935395684793
        ],
        [
          0.9611276969894637,
          0.9610682853706145,
          0.9612573942235545,
          0.9612814716363411,
          0.9610525629245475,
          1.437569261225284,
          0.961096526608219,
          0.9610726132626725,
          0.9609982534400248,
          2.422713464226109,
          1.1417674593381888,
          1.8494012725380882,
          0.9610698947599375,
          0.9611149445218632,
          0.9612735536033633,
          0.961098767881854,
          0.9611188302926754,
          0.9609487143546772,
          0.9610714528511042,
          0.0,
          0.960437244485614,
          0.9610608741316284,
          0.9612079215590635,
          0.9625164963912927,
          0.9610351419999863,
          0.9610829583258643,
          0.9597759389246302,
          0.9594559257064085,
          0.9609997060523849,
          0.9610943829355673,
          0.9611186997595237,
          0.9612608285448202,
          0.9601555011467859,
          0.9610594133720561,
          0.9588931611483998,
          0.9612556021391987,
          0.9602510312593869,
          0.961041169576219,
          0.9651481801437178,
          0.9610031797486563
        ],
        [
          0.9605195540284669,
          0.9605042201597023,
          0.9606074802941557,
          0.9606384211553217,
          0.960475903669422,
          0.959053124671387,
          0.960512128334923,
          0.9605077844968011,
          0.9603562175872096,
          0.9593823574151852,
          1.226478618485159,
          0.960297900713935,
          0.9604779718121432,
          0.9605771869273434,
          0.9606320209857351,
          0.9605135135790054,
          0.9605067526634504,
          0.960424810197975,
          0.9606716792444262,
          0.960437244485614,
          0.0,
          0.9604808119917918,
          0.9605778671703625,
          0.9605105989391965,
          0.9604414879433345,
          0.9605634233744634,
          3.4203324833894846,
          6.686153033273098,
          0.9604207372154576,
          0.9604978728749884,
          0.9605445741682065,
          0.9606281357694552,
          0.9597706878722635,
          0.9605265148555976,
          0.9587082887231898,
          0.9606051614969178,
          2.837558209819813,
          0.9604640400489405,
          0.9606680344768935,
          0.9604359851997133
        ],
        [
          0.9612107188311867,
          0.9611451306316094,
          0.961289667829314,
          0.9613658474895521,
          0.9612538172508434,
          0.9571377000915656,
          0.9612988892752217,
          0.9611495783234426,
          0.9611681734599147,
          0.9596010740760879,
          0.9599777661539838,
          0.9604650916012595,
          0.9611469517401443,
          0.9611964357862478,
          0.9613579214255884,
          0.9612975332332198,
          0.9611994696306392,
          0.9611356932667854,
          0.9611529662179756,
          0.9610608741316284,
          0.9604808119917918,
          0.0,
          0.9612122834814464,
          0.9611956242705628,
          1.4428372418883098,
          0.9611478943775593,
          0.959812106000666,
          0.9594722532292697,
          0.9610739297817679,
          0.9611716413939952,
          0.9611952323214291,
          1.4059271697210032,
          0.9603415437993735,
          0.961109250975988,
          1.4176597104540063,
          0.9612884563816979,
          0.9586047920938163,
          0.9611200190385347,
          0.961287289426922,
          0.9612041579491812
        ],
        [
          0.9612847882434356,
          0.9612140133791058,
          0.9613623841597763,
          0.961443799399827,
          0.9612036008329495,
          0.9574223294820292,
          0.9612485166499433,
          0.9612185448069707,
          0.9611188607481176,
          0.9596771359382186,
          0.9603514676018384,
          2.2860951836961827,
          0.9612190704408559,
          0.961268998337025,
          0.9614356926469609,
          0.9612509243293437,
          0.9612740074653158,
          0.9610860315305159,
          0.961224247316552,
          0.9612079215590635,
          0.9605778671703625,
          0.9612122834814464,
          0.0,
          0.9612974887035334,
          0.9611908905425706,
          0.9612335201883809,
          0.9599243445376162,
          0.9595654464086418,
          0.9611450915704226,
          0.9612441756020457,
          0.9612655639914985,
          0.961421030526264,
          0.9602773740062055,
          0.9611739144629328,
          0.9589945448065416,
          0.9613614199412559,
          1.205075526668412,
          0.9612098744252805,
          0.961438735231366,
          0.9611529580016236
        ],
        [
          0.9612666813062546,
          0.9611966888995254,
          0.9613441260290222,
          0.9614247721534015,
          0.9611859204280955,
          0.957197903362499,
          0.9612305396106645,
          0.9612011906071773,
          0.9611007324203327,
          0.9596332015263278,
          0.960079879609634,
          1.4427076590373582,
          0.9612010236072264,
          0.9612506881462851,
          0.9614166723403381,
          0.9612329171529503,
          0.9612552263832607,
          0.9610700638961567,
          0.9612061560607458,
          0.9625164963912927,
          0.9605105989391965,
          0.9611956242705628,
          0.9612974887035334,
          0.0,
          0.9611727101161537,
          0.9611986746842055,
          0.9598432129938888,
          0.9594956378699188,
          0.9611272219747705,
          0.9612259651770673,
          0.9612475472910748,
          0.9614023580785435,
          0.9602663474406828,
          0.9611576789523316,
          0.9589911220760273,
          0.9613431439805833,
          0.9586572165169367,
          0.9611738673067312,
          0.9613626760196272,
          0.9611356060423306
        ],
        [
          0.9611882541073262,
          0.9611218000717165,
          0.9612694639923827,
          0.9613475889103489,
          0.9611092972298472,
          0.9570200984440717,
          0.9611545760288609,
          0.9611263601270903,
          0.9610158727812445,
          0.9595426565814887,
          0.9599289109455692,
          0.9604241935536889,
          0.9611230898751335,
          0.9611737575536703,
          0.9613394033215249,
          0.9611569449590179,
          0.9611763733912012,
          0.9609961660767454,
          0.9611287255459389,
          0.9610351419999863,
          0.9604414879433345,
          1.4428372418883098,
          0.9611908905425706,
          0.9611727101161537,
          0.0,
          0.9611251003561122,
          0.9597550929179288,
          0.9594095855074326,
          0.9610482976038844,
          0.9611483681605517,
          0.9611731204483176,
          0.9617450944082915,
          0.9601803082965958,
          0.961086122230665,
          0.9595105066506682,
          0.9612683124764807,
          0.958517605177488,
          0.9610950959614271,
          0.961263280759402,
          0.9610583260072326
        ],
        [
          0.961213261909295,
          0.9611506715155884,
          0.9612877645272601,
          0.9613608154901081,
          0.9611391748026474,
          0.957449641348182,
          0.9611810245435892,
          0.9611548860904083,
          0.9610545686641766,
          1.4364695193486021,
          0.9600688646938601,
          0.9605508596847021,
          0.9611566100770548,
          0.9611993852763804,
          0.9613532384911176,
          0.9611832172268466,
          0.9612022944358541,
          0.961033561800571,
          0.9611616068207297,
          0.9610829583258643,
          0.9605634233744634,
          0.9611478943775593,
          0.9612335201883809,
          0.9611986746842055,
          0.9611251003561122,
          0.0,
          1.4451048773460418,
          0.9597193873889671,
          0.961088884085364,
          0.9611799793706525,
          0.9611981167197096,
          0.9613403720575695,
          0.9602796019535252,
          0.9611169099030724,
          0.95908137698455,
          0.9612867340714085,
          1.4439900653936,
          0.9611299674759333,
          0.9612851787161713,
          0.9610920510538643
        ],
        [
          0.9598490860942167,
          0.9598845734967142,
          0.9600130822620595,
          0.9599862157729259,
          0.9598130356571343,
          1.1411053929384107,
          0.9598570979094684,
          0.9598888113835066,
          0.9596205031554914,
          0.9645270478564405,
          0.9608292396940602,
          0.9597652585240138,
          0.959809906487231,
          0.9599205849720068,
          0.9599787036808486,
          0.9598585182234468,
          0.9598319001451803,
          0.9598032307221748,
          1.4416763700992232,
          0.9597759389246302,
          3.4203324833894846,
          0.959812106000666,
          0.9599243445376162,
          0.9598432129938888,
          0.9597550929179288,
          1.4451048773460418,
          0.0,
          4.167625984168968,
          0.9597404479370903,
          0.9598338919946638,
          0.9599329068885886,
          0.9599787676718256,
          0.9590068099411807,
          0.95994135191997,
          0.957671728872627,
          0.9600084097562172,
          2.347814912257666,
          0.9598224863809715,
          0.9601270625674689,
          0.9597650797578016
        ],
        [
          0.9594976458320875,
          0.95955507558995,
          0.959701121437103,
          0.9596199999210759,
          0.9594777530465766,
          1.6061998236488593,
          0.9595189725189051,
          0.9595589315497922,
          0.9592939979831238,
          0.9584672432303292,
          1.2263233341218367,
          0.9597046055831617,
          0.9594677781018278,
          1.440979825531677,
          0.9596131312659754,
          0.9595201048614224,
          0.959482769755625,
          0.9594933275572871,
          2.4136192737962237,
          0.9594559257064085,
          6.686153033273098,
          0.9594722532292697,
          0.9595654464086418,
          0.9594956378699188,
          0.9594095855074326,
          0.9597193873889671,
          4.167625984168968,
          0.0,
          0.9594030951171371,
          0.9594900602950888,
          0.959600088380331,
          0.9596174348612724,
          0.9587446109642894,
          0.9596529542607257,
          0.9574784581679181,
          0.959695555564124,
          1.954079764900758,
          0.9594938387953384,
          0.9598772370814304,
          0.9594333198038312
        ],
        [
          0.9611422087556151,
          0.9610794454050203,
          0.9612237676831693,
          0.9612984849240027,
          0.9610654371370326,
          0.9570625095172313,
          0.9611100216610109,
          0.9610839292707752,
          0.9609693519977186,
          1.4427885893474761,
          0.9599097105849945,
          0.960405607675756,
          0.9610810544481162,
          0.9611288944788812,
          0.9612904391478458,
          0.961112329023979,
          0.9611302805376432,
          0.9609567513549389,
          0.9610846462097781,
          0.9609997060523849,
          0.9604207372154576,
          0.9610739297817679,
          0.9611450915704226,
          0.9611272219747705,
          0.9610482976038844,
          0.961088884085364,
          0.9597404479370903,
          0.9594030951171371,
          0.0,
          0.9611059208890812,
          0.9611299285976208,
          0.9612773538934208,
          0.9601532146382632,
          0.9610466927982048,
          0.958874122392921,
          0.9612225409030675,
          0.9599200965685754,
          0.961051547302348,
          0.9612226457783675,
          0.9610153006273624
        ],
        [
          0.961241608193425,
          0.961173608201243,
          0.961319307461488,
          0.9613981357318075,
          0.9611622687657392,
          0.9571521579741785,
          0.9612065441739088,
          0.9611780713771979,
          0.9610754955234857,
          1.4419519647143355,
          0.9600065178510183,
          0.9604835863482559,
          0.9611784640874546,
          0.9612262840608867,
          0.9613901086589944,
          0.9612088897014637,
          0.9612301529954868,
          0.9610487282109914,
          0.9611821458601967,
          0.9610943829355673,
          0.9604978728749884,
          0.9611716413939952,
          0.9612441756020457,
          0.9612259651770673,
          0.9611483681605517,
          0.9611799793706525,
          0.9598338919946638,
          0.9594900602950888,
          0.9611059208890812,
          0.0,
          0.9612238429201131,
          0.9613761516685982,
          0.9602511114128855,
          0.9611361431096449,
          0.9589847027458933,
          0.9613182834518791,
          0.9586259807939995,
          0.961149830191614,
          0.9613120484873452,
          0.9611123701455415
        ],
        [
          0.9612626179970897,
          0.9611976945772414,
          0.9613838212874098,
          0.9614129829255961,
          0.9611858113541314,
          1.4372631665748787,
          0.9612282533887975,
          0.9612018947673217,
          0.9611241141799955,
          0.9597101053402255,
          0.9605966343579782,
          0.9610466028602973,
          0.9612001209008315,
          0.9612473755536668,
          0.9614052725956649,
          0.9612305073701211,
          0.9612530222457929,
          0.9610781702098755,
          0.9612050377451908,
          0.9611186997595237,
          0.9605445741682065,
          0.9611952323214291,
          0.9612655639914985,
          0.9612475472910748,
          0.9611731204483176,
          0.9611981167197096,
          0.9599329068885886,
          0.959600088380331,
          0.9611299285976208,
          0.9612238429201131,
          0.0,
          0.9613917123404201,
          0.9603124245845797,
          0.9611662363314164,
          0.959098047815349,
          0.961382354145311,
          0.958783236888956,
          0.9611760390664732,
          0.9613894966686126,
          0.9611379586536754
        ],
        [
          0.9614189729066128,
          0.9613410177699157,
          0.9614914807461828,
          0.9615781307329162,
          0.9614223442123809,
          0.9572460195362005,
          0.9614671803223792,
          0.9613455223599394,
          0.96135366869883,
          0.9597573453712138,
          0.9601576275142022,
          0.9606181014198819,
          0.9613511944028648,
          0.9614003113861779,
          0.9615700664694865,
          0.9614685842938722,
          0.9614086491231973,
          0.9612933234878984,
